PM7 XYZ CHARGE=0 Singlet BONDS AUX

File generated by El_Dryosa
C          -5.6638    1.4308    3.4222
C          -5.2255    2.6023    2.5436
C          -4.7639    2.1235    1.1500
O          -3.5809    1.3333    1.3154
C          -3.4766    0.0064    0.8820
O          -4.1808   -0.4057   -0.0812
C          -2.4843   -0.9187    1.5422
C          -3.1369   -2.2896    1.7906
C          -1.1529   -0.9843    0.7180
O          -0.5098   -2.2454    0.8855
C          -0.6539   -3.0716   -0.2568
C          -0.3726   -4.5304    0.1465
C           0.0476   -5.4304   -1.0620
C           1.5983   -5.5654   -1.1349
O          -0.5881   -6.7072   -0.9793
C          -0.1134   -7.5173    0.0805
C          -0.4741   -4.7747   -2.3719
O          -0.0579   -5.5233   -3.4874
C           0.0003   -3.2928   -2.5018
C          -0.9689   -2.4385   -3.3278
O           0.2647   -2.6648   -1.2528
C          -0.1690    0.1529    1.1613
C           0.5787   -0.2355    2.4565
C           0.8098    0.5777   -0.0016
O           2.0840    0.9512    0.5228
C           3.1008    0.0151    0.2031
O           3.4333    0.1532   -1.1659
C           4.4189   -0.7764   -1.5752
C           3.9037   -2.2247   -1.6122
C           5.7247   -0.6148   -0.7827
C           5.5265   -0.6181    0.7548
C           4.3199    0.3059    1.1023
O           3.9223    0.0978    2.4343
N           6.7927   -0.1776    1.4281
C           6.6648   -0.1034    2.8977
C           7.9208   -1.0781    1.1031
C           0.2582    1.7684   -0.8795
C           1.0876    1.8430   -2.1764
O          -1.0658    1.4873   -1.2640
C           0.3582    3.1293   -0.0883
C          -0.1511    4.4558   -0.7237
C           0.7718    5.0419   -1.8040
C          -1.5963    4.4173   -1.1866
O          -1.8782    3.8358   -2.2247
C          -2.6770    5.1729   -0.4258
C          -3.5839    5.9596   -1.3802
C          -3.4286    4.2919    0.6301
O          -3.9939    5.1418    1.6003
C          -4.5198    3.2784    0.1086
C          -5.8757    3.9825   -0.1941
O          -4.0511    2.6930   -1.0827
H          -6.5064    0.8846    2.9472
H          -4.8189    0.7290    3.5877
H          -6.0017    1.8127    4.4086
H          -4.3943    3.1260    3.0610
H          -6.0832    3.2999    2.4548
H          -5.5815    1.4823    0.7467
H          -2.2789   -0.5057    2.5526
H          -2.4460   -2.9554    2.3497
H          -3.4280   -2.7790    0.8385
H          -4.0523   -2.1642    2.4084
H          -1.4156   -0.7975   -0.3511
H          -1.7019   -3.0261   -0.6380
H           0.4141   -4.5495    0.9331
H          -1.2991   -4.9324    0.6133
H           2.0189   -5.9344   -0.1760
H           1.8898   -6.2769   -1.9362
H           2.0834   -4.5900   -1.3367
H           0.0364   -6.9584    1.0284
H           0.8263   -8.0286   -0.2175
H          -0.8666   -8.3061    0.2816
H          -1.5902   -4.7956   -2.3212
H          -0.6570   -5.2785   -4.2399
H           0.9606   -3.3001   -3.0611
H          -1.9777   -2.4157   -2.8659
H          -1.0569   -2.8438   -4.3577
H          -0.5869   -1.3972   -3.3925
H          -0.7798    1.0299    1.4494
H           1.2974   -1.0604    2.2749
H          -0.1274   -0.5661    3.2449
H           1.1250    0.6429    2.8592
H           0.8900   -0.3022   -0.6808
H           2.7421   -1.0150    0.4302
H           4.6634   -0.5226   -2.6300
H           2.9045   -2.2486   -2.0912
H           3.8347   -2.6701   -0.5990
H           4.5936   -2.8547   -2.2129
H           6.4085   -1.4345   -1.0896
H           6.1946    0.3494   -1.0789
H           5.2735   -1.6557    1.0732
H           4.6374    1.3653    0.9465
H           3.5722    0.9630    2.7728
H           6.1746   -1.0139    3.3080
H           6.1034    0.8086    3.1840
H           7.6542    0.0157    3.3908
H           7.6479   -2.1438    1.2693
H           8.8201   -0.8407    1.7121
H           8.2474   -0.9290    0.0542
H           1.2396    0.8331   -2.6138
H           0.5472    2.4186   -2.9518
H           2.0814    2.3048   -1.9951
H          -1.6656    1.7114   -0.5096
H           1.4179    3.2964    0.2033
H          -0.1821    3.0264    0.8738
H          -0.0869    5.1881    0.1117
H           0.5713    6.1300   -1.9084
H           1.8388    4.9185   -1.5219
H           0.6000    4.5882   -2.7980
H          -2.1555    5.9593    0.1633
H          -4.3919    6.4715   -0.8160
H          -4.0208    5.2997   -2.1571
H          -2.9877    6.7386   -1.9024
H          -2.6369    3.6805    1.1251
H          -3.2632    5.4247    2.2108
H          -6.1800    4.6830    0.6095
H          -5.8460    4.5419   -1.1462
H          -6.6877    3.2336   -0.3120
H          -4.7493    2.0749   -1.4256
                                                                                                                                                                                                                                                 
